%%MatrixMarket matrix coordinate pattern general
4900 359 5066
1 1
2 1
3 2
4 2
5 2
6 2
7 2
8 2
9 2
10 2
11 2
12 2
13 2
14 2
15 2
16 2
17 2
18 2
3889 2
4146 2
4431 2
4432 2
4694 2
4695 2
4696 2
19 3
20 4
21 4
22 4
4147 4
23 5
24 5
25 5
26 5
27 5
28 5
29 5
30 5
31 5
32 5
33 5
34 5
3890 5
4148 5
4433 5
4697 5
35 6
36 6
37 6
38 6
39 6
40 6
41 6
42 6
43 6
44 6
45 6
46 6
47 6
48 6
49 6
50 6
51 6
52 6
53 6
54 6
55 6
56 6
57 6
58 6
4149 6
4150 6
4698 6
59 7
60 7
4151 7
4699 7
61 8
62 8
63 8
64 8
65 8
66 8
67 8
68 8
69 8
70 8
71 8
72 8
73 8
74 8
75 8
76 8
4434 8
4700 8
4701 8
4702 8
4703 8
4704 8
77 9
78 10
79 10
80 10
81 11
82 12
83 12
84 12
85 12
3891 12
86 13
87 14
88 15
89 15
90 15
91 15
92 15
93 15
94 15
95 15
96 15
97 15
98 15
99 15
100 15
101 15
102 15
103 15
104 15
105 15
106 15
107 15
108 15
109 15
110 15
111 15
112 15
3894 15
3895 15
4152 15
4705 15
113 16
114 16
115 16
116 16
117 16
118 16
119 16
120 16
121 16
122 16
123 16
124 16
125 16
126 16
127 16
3896 16
4153 16
4435 16
4706 16
128 17
129 18
130 18
131 18
132 18
133 19
134 19
3897 19
4436 19
135 20
136 20
137 20
138 20
139 20
140 20
141 20
142 20
143 20
144 20
145 20
146 20
4437 20
4707 20
147 21
148 21
149 21
150 21
151 21
152 21
4708 21
4709 21
153 22
154 22
155 22
156 22
157 22
3898 22
3899 22
158 23
159 23
4438 23
4439 23
160 24
161 25
162 25
163 25
164 25
165 25
166 25
167 25
168 25
169 25
170 25
171 25
172 25
173 25
174 25
175 25
176 25
177 25
178 25
179 25
180 25
181 25
182 25
183 25
184 25
185 25
186 25
187 25
188 25
189 25
190 25
191 25
192 25
193 25
194 25
195 25
196 25
197 25
198 25
199 25
200 25
201 25
202 25
203 25
204 25
205 25
206 25
207 25
208 25
209 25
210 25
211 25
212 25
213 25
214 25
215 25
216 25
217 25
3900 25
3901 25
3902 25
3903 25
3904 25
3905 25
4154 25
4155 25
4440 25
4441 25
4442 25
4443 25
4710 25
4711 25
4712 25
4713 25
4714 25
218 26
219 27
220 27
221 27
222 28
223 29
224 29
225 29
226 29
3907 29
4444 29
227 30
228 31
229 31
230 31
231 31
232 31
233 31
234 31
235 31
236 31
237 31
238 31
239 31
240 31
241 31
242 31
243 31
244 31
245 31
246 31
247 31
248 31
3908 31
3909 31
4156 31
4157 31
4158 31
4445 31
4446 31
4447 31
4715 31
249 32
250 32
251 32
252 32
253 32
254 32
255 32
256 32
257 32
258 32
259 32
260 32
261 32
262 32
263 32
264 32
265 32
266 32
267 32
268 32
269 32
270 32
271 32
272 32
273 32
274 32
275 32
4159 32
4160 32
4448 32
4449 32
4716 32
4717 32
276 33
277 33
278 33
279 33
280 33
281 33
282 33
283 33
284 33
285 33
286 33
287 33
288 33
289 33
290 33
291 33
292 33
293 33
294 33
295 33
296 33
297 33
298 33
299 33
300 33
301 33
4161 33
4162 33
4450 33
4718 33
4719 33
4720 33
302 34
4451 34
87 35
128 35
303 35
304 35
305 35
306 35
307 35
308 35
309 35
310 35
311 35
312 35
313 35
314 35
315 35
316 35
317 35
318 35
319 35
320 35
321 35
322 35
323 35
324 35
3910 35
3911 35
3912 35
4163 35
4452 35
4453 35
4721 35
4722 35
3913 36
325 37
326 37
327 37
328 37
329 38
330 38
331 38
332 38
3914 38
333 39
334 39
335 39
336 39
337 39
338 39
339 39
340 39
341 39
342 39
343 39
344 39
345 39
346 39
347 39
348 39
349 39
350 39
351 39
352 39
353 39
354 39
355 39
356 39
357 39
358 39
4164 39
4454 39
4723 39
4724 39
4725 39
4726 39
359 40
360 40
361 40
362 40
363 40
4455 40
4727 40
364 41
365 42
366 43
367 43
368 43
369 43
370 43
371 43
372 43
373 43
374 43
375 43
376 43
377 43
378 43
379 43
380 43
381 43
382 43
383 43
384 43
385 43
386 43
387 43
388 43
389 43
390 43
3915 43
4165 43
4166 43
4167 43
4456 43
4728 43
391 44
392 44
393 44
394 44
395 44
396 44
397 44
398 44
399 44
400 44
401 44
402 44
403 44
404 44
405 45
406 45
407 45
408 45
409 45
410 45
411 45
412 45
413 45
414 45
415 45
416 45
417 45
418 45
419 45
420 45
421 45
422 45
423 45
424 45
425 45
426 45
427 45
428 45
429 45
430 45
431 45
432 45
433 45
434 45
435 45
436 45
437 45
438 45
439 45
440 45
441 45
442 45
443 45
444 45
445 45
446 45
447 45
448 45
449 45
450 45
451 45
452 45
453 45
454 45
455 45
456 45
457 45
458 45
459 45
460 45
461 45
462 45
463 45
464 45
465 45
466 45
467 45
468 45
469 45
470 45
471 45
472 45
473 45
474 45
475 45
476 45
477 45
478 45
479 45
480 45
481 45
482 45
483 45
484 45
485 45
486 45
487 45
488 45
489 45
490 45
491 45
492 45
493 45
494 45
495 45
496 45
497 45
498 45
499 45
500 45
501 45
502 45
503 45
504 45
505 45
3916 45
3917 45
3918 45
3919 45
3920 45
3921 45
3922 45
3923 45
4168 45
4169 45
4170 45
4171 45
4457 45
4458 45
4459 45
4460 45
4461 45
4729 45
4730 45
4731 45
4732 45
4733 45
4734 45
4735 45
506 46
507 46
508 46
509 46
510 46
511 46
512 46
513 47
515 47
516 47
517 47
514 48
518 49
519 50
520 50
521 50
522 50
3924 50
4172 50
523 51
524 51
525 51
526 51
527 51
528 51
529 51
530 51
4173 51
4462 51
4736 51
531 52
532 53
533 53
534 53
535 53
536 53
4174 53
4737 53
4738 53
537 54
538 54
539 54
540 54
541 55
542 55
543 56
544 56
4175 56
4176 56
545 57
546 57
547 57
548 57
549 57
550 57
551 57
552 57
553 57
554 57
4177 57
4464 57
4465 57
4739 57
4740 57
4741 57
555 58
556 58
557 58
558 58
559 58
4742 58
560 59
561 59
562 59
563 59
564 59
565 59
3925 59
4178 59
4466 59
566 60
567 60
568 60
569 60
570 60
571 60
572 60
573 60
574 60
575 60
576 60
3926 60
4179 60
4467 60
577 61
578 61
579 61
580 61
581 61
582 61
583 61
584 61
585 61
586 62
587 62
588 62
589 62
590 62
591 62
592 62
593 62
594 62
595 62
596 62
597 62
598 62
599 62
600 62
601 62
602 62
603 62
604 62
605 62
606 62
607 62
608 62
609 62
610 62
611 62
612 62
613 62
614 62
615 62
616 62
617 62
618 62
619 62
620 62
621 62
622 62
623 62
624 62
625 62
626 62
627 62
628 62
629 62
630 62
631 62
632 62
3927 62
3928 62
3929 62
3930 62
3931 62
3932 62
3933 62
4180 62
4181 62
4182 62
4183 62
4468 62
4469 62
4470 62
4471 62
4472 62
4743 62
4744 62
4745 62
4746 62
633 63
634 63
635 63
636 63
637 63
638 63
4184 63
639 64
640 64
641 64
642 64
643 64
644 64
645 65
646 66
647 66
648 66
649 66
650 66
651 66
652 66
653 66
654 66
655 66
656 66
657 66
658 66
659 66
660 66
661 66
662 66
663 66
664 66
665 66
666 66
667 66
668 66
669 66
670 66
671 66
672 66
673 66
674 66
675 66
676 66
677 66
678 66
679 66
680 66
681 66
682 66
683 66
684 66
685 66
686 66
687 66
688 66
689 66
690 66
691 66
692 66
693 66
694 66
695 66
696 66
697 66
698 66
699 66
700 66
701 66
702 66
703 66
704 66
705 66
706 66
707 66
708 66
709 66
710 66
711 66
712 66
713 66
714 66
715 66
716 66
717 66
718 66
719 66
720 66
721 66
722 66
723 66
724 66
725 66
726 66
727 66
728 66
729 66
730 66
731 66
732 66
733 66
734 66
735 66
736 66
737 66
738 66
739 66
740 66
741 66
742 66
743 66
744 66
745 66
746 66
747 66
748 66
749 66
750 66
751 66
752 66
753 66
754 66
755 66
756 66
757 66
758 66
759 66
760 66
761 66
762 66
763 66
764 66
765 66
766 66
767 66
768 66
769 66
770 66
771 66
772 66
773 66
774 66
775 66
776 66
777 66
778 66
779 66
780 66
781 66
782 66
783 66
784 66
785 66
786 66
787 66
788 66
789 66
790 66
791 66
792 66
793 66
794 66
795 66
796 66
797 66
798 66
799 66
800 66
801 66
802 66
803 66
804 66
805 66
806 66
807 66
808 66
809 66
810 66
811 66
812 66
813 66
814 66
815 66
816 66
817 66
818 66
819 66
820 66
821 66
822 66
823 66
824 66
825 66
826 66
827 66
828 66
829 66
830 66
831 66
832 66
833 66
834 66
835 66
836 66
3935 66
3936 66
3937 66
3938 66
3939 66
3940 66
3941 66
3942 66
3943 66
3944 66
4185 66
4186 66
4187 66
4188 66
4189 66
4190 66
4191 66
4192 66
4193 66
4194 66
4195 66
4196 66
4197 66
4473 66
4474 66
4475 66
4476 66
4477 66
4478 66
4479 66
4480 66
4481 66
4482 66
4747 66
4748 66
4749 66
4750 66
4751 66
4752 66
4753 66
4754 66
4755 66
4756 66
4757 66
4758 66
4759 66
837 67
838 67
839 68
840 69
841 70
842 70
843 70
844 70
845 70
846 70
847 70
848 70
849 70
850 70
851 70
852 70
853 70
854 70
855 70
856 70
857 70
858 70
859 70
860 70
861 70
862 70
863 70
864 70
865 70
866 70
867 70
868 70
869 70
870 70
871 70
872 70
873 70
874 70
875 70
876 70
877 70
878 70
879 70
880 70
881 70
882 70
883 70
884 70
885 70
886 70
887 70
888 70
889 70
890 70
891 70
892 70
893 70
894 70
895 70
896 70
897 70
898 70
899 70
900 70
901 70
902 70
903 70
904 70
905 70
906 70
907 70
908 70
909 70
910 70
911 70
912 70
913 70
914 70
915 70
916 70
917 70
918 70
919 70
920 70
921 70
922 70
923 70
924 70
925 70
926 70
927 70
928 70
929 70
930 70
931 70
932 70
933 70
934 70
935 70
936 70
937 70
938 70
939 70
940 70
3945 70
3946 70
3947 70
3948 70
3949 70
3950 70
4199 70
4200 70
4483 70
4484 70
4485 70
4486 70
4487 70
4488 70
4489 70
4760 70
4761 70
4762 70
4763 70
4764 70
4765 70
4766 70
4767 70
941 71
942 72
943 72
944 72
945 72
946 72
947 72
948 72
949 72
950 72
951 72
952 72
953 72
954 72
955 72
956 72
957 72
958 72
4490 72
4491 72
959 73
960 74
961 74
962 74
963 74
964 74
965 74
966 74
4201 74
4202 74
4203 74
967 75
968 76
969 76
970 76
971 76
972 76
973 76
974 76
975 76
976 76
977 76
978 76
979 76
980 76
981 76
982 76
983 76
984 76
985 76
986 76
987 76
988 76
989 76
4204 76
4205 76
4492 76
4493 76
4768 76
990 77
991 78
992 78
993 78
994 78
995 78
996 78
997 78
998 78
999 78
1000 78
1001 78
1002 78
1003 78
1004 78
1005 78
1006 78
1007 78
1008 78
1009 78
1010 78
1011 78
1012 78
1013 78
1014 78
1015 78
1016 78
1017 78
1018 78
1019 78
1020 78
1021 78
1022 78
1023 78
1024 78
1025 78
1026 78
1027 78
1028 78
1029 78
1030 78
1031 78
1032 78
1033 78
1034 78
1035 78
1036 78
1037 78
1038 78
1039 78
1040 78
1041 78
1042 78
1043 78
1044 78
1045 78
1046 78
1047 78
1048 78
1049 78
1050 78
1051 78
1052 78
1053 78
1054 78
1055 78
1056 78
1057 78
1058 78
1059 78
1060 78
1061 78
1062 78
1063 78
1064 78
1065 78
1066 78
1067 78
1068 78
1069 78
1070 78
1071 78
1072 78
1073 78
1074 78
1075 78
3951 78
3952 78
3953 78
3954 78
3955 78
3956 78
3957 78
4206 78
4207 78
4208 78
4209 78
4494 78
4495 78
4496 78
4497 78
4769 78
4770 78
4771 78
4772 78
4773 78
4774 78
1076 79
1077 79
1078 79
1079 79
1080 79
1081 79
1082 79
1083 79
1084 79
1085 79
1086 79
1087 79
1088 79
1089 79
4498 79
4775 79
4776 79
1090 80
1091 80
4777 80
1092 81
1093 81
1094 82
1095 82
1096 82
1097 82
1098 82
1099 82
1100 82
1101 82
1102 82
3959 82
4778 82
1103 83
1104 83
1105 83
1106 83
1107 83
1108 83
1109 83
1110 83
1111 83
1112 83
1113 83
1114 83
1115 83
1116 83
1117 83
1118 83
1119 83
1120 83
1121 83
1122 83
1123 83
1124 83
1125 83
1126 83
1127 83
1128 83
1129 83
1130 83
1131 83
1132 83
1133 83
1134 83
1135 83
1136 83
1137 83
1138 83
1139 83
3960 83
4210 83
4211 83
4212 83
4779 83
4780 83
4781 83
1140 84
1141 84
1142 84
1143 85
1144 85
1145 86
1146 86
1147 86
1148 86
1149 86
4782 86
4783 86
1150 87
1151 88
1152 88
1153 88
1154 88
1155 88
1156 88
1157 88
1158 88
1159 88
1160 88
1161 88
1162 88
1163 88
1164 88
1165 88
1166 88
1167 88
1168 88
1169 88
1170 88
1171 88
1172 88
1173 88
1174 88
1175 88
1176 88
1177 88
1178 88
1179 88
1180 88
1181 88
1182 88
1183 88
1184 88
1185 88
1186 88
1187 88
1188 88
1189 88
1190 88
1191 88
1192 88
1193 88
1194 88
1195 88
3961 88
3962 88
4213 88
4214 88
4499 88
4500 88
4501 88
4502 88
4503 88
4504 88
4505 88
4784 88
1196 89
1197 89
1198 89
1199 89
1200 89
1201 89
1202 89
1203 89
1204 89
1205 89
1206 89
1207 89
3963 89
3964 89
3965 89
3966 89
4215 89
4216 89
4506 89
4785 89
1208 90
1209 91
1210 92
3967 92
4217 92
4507 92
1211 93
1212 93
1213 94
1214 94
1215 94
1216 94
1217 94
1218 94
4786 94
1219 95
1220 95
4508 95
1221 96
1222 96
1223 96
1224 96
1225 96
1226 96
1227 96
1228 96
1229 96
1230 96
1231 96
1232 96
1233 96
1234 96
1235 96
1236 96
1237 96
1238 96
1239 96
1240 96
1241 96
1242 96
1243 96
1244 96
1245 96
1246 96
1247 96
1248 96
1249 96
1250 96
1251 96
1252 96
1253 96
1254 96
1255 96
1256 96
1257 96
1258 96
1259 96
1260 96
1261 96
1262 96
1263 96
1264 96
1265 96
1266 96
1267 96
1268 96
1269 96
1270 96
1271 96
1272 96
1273 96
1274 96
1275 96
1276 96
1277 96
1278 96
1279 96
1280 96
1281 96
1282 96
1283 96
1284 96
1285 96
3968 96
3969 96
3970 96
3971 96
4218 96
4219 96
4220 96
4221 96
4222 96
4223 96
4224 96
4225 96
4509 96
4510 96
4511 96
4512 96
4513 96
4787 96
4788 96
4789 96
4790 96
1286 97
1287 98
1288 98
1289 98
1290 98
1291 98
1292 98
1293 98
1294 98
1295 98
1296 98
1297 98
1298 98
1299 98
1300 98
1301 98
1302 98
1303 98
1304 98
3972 98
3973 98
3974 98
3975 98
4226 98
4227 98
4228 98
4514 98
4791 98
4792 98
1305 99
405 100
407 100
410 100
411 100
412 100
413 100
414 100
416 100
417 100
419 100
420 100
422 100
423 100
425 100
427 100
428 100
429 100
431 100
432 100
433 100
434 100
436 100
439 100
440 100
441 100
442 100
446 100
448 100
449 100
451 100
452 100
455 100
456 100
457 100
458 100
460 100
461 100
463 100
464 100
465 100
467 100
469 100
470 100
472 100
473 100
474 100
475 100
476 100
477 100
478 100
480 100
481 100
482 100
485 100
486 100
487 100
489 100
491 100
493 100
495 100
498 100
499 100
502 100
503 100
504 100
1306 100
1307 100
1308 100
1309 100
1310 100
1311 100
1312 100
1313 100
1314 100
1315 100
1316 100
1317 100
1318 100
1319 100
1320 100
1321 100
1322 100
1323 100
1324 100
1325 100
1326 100
1327 100
1328 100
1329 100
1330 100
1331 100
1332 100
1333 100
1334 100
1335 100
1336 100
1337 100
1338 100
1339 100
1340 100
1341 100
1342 100
1343 100
3916 100
3920 100
3923 100
4168 100
4171 100
4229 100
4230 100
4231 100
4232 100
4457 100
4459 100
4729 100
4730 100
4731 100
4732 100
4735 100
4793 100
4794 100
4795 100
1344 101
1345 102
1346 102
1347 102
1348 102
1349 102
1350 102
1351 102
1352 102
1353 102
1354 102
1355 102
1356 102
1357 102
1358 102
1359 102
1360 102
1361 102
1362 102
1363 102
1364 102
1365 102
1366 102
1367 102
1368 102
1369 102
1370 102
1371 102
1372 102
1373 102
1374 102
1375 102
1376 102
1377 102
1378 102
1379 102
1380 102
1381 102
1382 102
1383 102
1384 102
1385 102
1386 102
1387 102
1388 102
3976 102
4233 102
4234 102
4235 102
4236 102
4237 102
4516 102
4517 102
4518 102
4519 102
4520 102
4521 102
4796 102
4797 102
4798 102
4799 102
1389 103
1390 104
1391 104
1392 104
1393 104
3977 104
4800 104
4801 104
1394 105
1395 106
1396 106
1397 106
1398 107
1399 107
1400 107
1401 107
3978 107
4238 107
1402 108
1403 109
1404 109
1405 109
1406 109
1407 109
1408 109
1409 109
4523 109
1410 110
1411 111
1412 111
1413 111
1414 111
1415 111
1416 111
1417 111
1418 111
1419 111
1420 111
1421 111
1422 111
1423 111
1424 111
1425 111
1426 111
1427 111
3979 111
3980 111
3981 111
4239 111
4524 111
4525 111
4526 111
1428 112
1429 112
4240 112
4241 112
1430 113
4803 113
1431 114
1432 114
1433 114
1434 114
1435 114
1436 114
1437 114
1438 115
1439 115
1440 115
1441 115
1442 115
1443 115
1444 115
1445 115
1446 115
3982 115
4242 115
4804 115
1447 116
4805 116
1448 117
1449 117
1450 118
1451 118
1452 118
1453 118
1454 119
1455 120
1456 120
1457 120
1458 120
1459 120
1460 120
1461 120
1462 120
1463 120
1464 120
1465 120
1466 120
4243 120
4244 120
1467 121
1469 121
1470 121
3983 121
1468 122
4527 122
1471 123
1472 123
1473 123
1474 123
1475 123
1476 123
1477 123
1478 123
1479 123
1480 123
1481 123
1482 123
1483 123
1484 123
1485 123
1486 123
1487 123
1488 123
3984 123
3985 123
4806 123
1489 124
1490 124
1491 124
1492 124
1493 124
1494 124
3986 124
1495 125
1496 125
1497 125
1498 125
1499 125
1500 125
3987 125
4245 125
4807 125
4808 125
1501 126
1502 127
1503 127
1504 128
4809 128
1505 129
1506 129
4810 129
1507 130
1508 130
4811 130
1509 131
4812 131
4813 131
1510 132
1511 132
1512 132
1513 132
1514 132
1515 132
1516 132
1517 132
1518 132
1519 132
1520 132
1521 132
1522 132
1523 132
1524 132
1525 132
1526 132
1527 132
1528 132
1529 132
1530 132
1531 132
1532 132
1533 132
3988 132
3989 132
4246 132
4247 132
4814 132
1534 133
1535 134
1536 134
4815 134
1537 135
1538 135
1539 136
1540 136
1541 136
1542 136
1543 137
1544 137
1545 137
4248 137
1546 138
1547 138
1548 138
1549 138
1550 138
1551 138
1552 138
1553 138
1554 138
1555 138
1556 138
1557 138
1558 138
1559 138
1560 138
1561 138
1562 138
1563 138
1564 138
1565 138
1566 138
1567 138
1568 138
1569 138
1570 138
1571 138
1572 138
1573 138
1574 138
1575 138
1576 138
1577 138
1578 138
3990 138
3991 138
3992 138
4249 138
4250 138
4528 138
4529 138
4816 138
1579 139
1580 139
1581 139
1582 139
1583 140
1584 140
1585 140
1586 140
1587 140
4530 140
4531 140
4532 140
1588 141
1589 141
1590 141
1591 141
1592 141
1593 141
1594 141
1595 141
1596 141
1597 141
1598 141
1599 141
1600 141
1601 141
1602 141
1603 141
1604 141
1605 141
3993 141
3994 141
3995 141
4251 141
4252 141
4533 141
1606 142
1607 142
1608 142
1609 142
1610 142
1611 142
1612 142
1613 142
1614 142
1615 142
1616 142
1617 142
1618 142
1619 142
1620 142
1621 142
1622 142
1623 142
1624 142
4253 142
1625 143
1626 144
1627 145
1628 145
1629 145
1630 145
1631 145
4534 145
1632 146
1633 146
1634 146
1635 146
1636 146
1637 146
1638 146
1639 146
1640 146
1641 146
1642 146
1643 146
1644 146
1645 146
1646 146
1647 146
1648 146
1649 146
1650 146
1651 146
3996 146
3997 146
4254 146
4535 146
4817 146
4818 146
4819 146
1652 147
1653 147
1654 147
1655 147
1656 147
1657 147
1658 147
1659 147
1660 147
1661 147
1662 147
1663 147
1664 147
1665 147
1666 147
1667 147
1668 147
1669 147
1670 147
3998 147
3999 147
4255 147
4536 147
1671 148
1672 149
1673 149
1674 149
1675 149
1676 149
1677 149
1678 149
1679 149
1680 150
1681 150
1682 150
1683 150
1684 150
1685 150
1686 150
4537 150
1687 151
1688 151
1689 151
1690 151
1691 151
1692 151
1693 151
1694 151
1695 151
1696 151
1697 151
1698 151
1699 151
1700 151
1701 151
1702 151
1703 151
1704 151
1705 151
1706 151
1707 151
1708 151
1709 151
1710 151
1711 151
1712 151
1713 151
1714 151
1715 151
1716 151
1717 151
1718 151
4000 151
4001 151
4256 151
4257 151
4538 151
4539 151
4540 151
4541 151
4542 151
4820 151
4821 151
1719 152
1720 152
1721 153
1722 153
1723 153
1724 153
1725 153
1726 154
1727 154
1728 154
1729 154
1730 154
1731 154
1732 154
1733 154
1734 154
1735 154
1736 154
1737 154
1738 154
1739 154
1740 154
1741 154
1742 154
1743 154
1744 154
1745 154
1746 154
1747 154
4543 154
1748 155
1749 156
1750 156
1751 156
1752 156
1753 156
1754 156
4002 156
4003 156
1755 157
1756 157
1757 157
4258 157
1758 158
1759 158
4259 158
4544 158
1760 159
1761 159
1762 159
1763 159
1764 159
1765 159
1766 159
1767 159
1768 159
1769 159
1770 159
1771 159
1772 159
1773 159
1774 159
1775 159
1776 159
1777 159
1778 159
1779 159
1780 159
1781 159
1782 159
1783 159
1784 159
1785 159
1786 159
1787 159
1788 159
1789 159
1790 159
1791 159
1792 159
1793 159
1794 159
1795 159
1796 159
1797 159
1798 159
1799 159
1800 159
1801 159
1802 159
1803 159
1804 159
1805 159
1806 159
1807 159
1808 159
1809 159
1810 159
1811 159
1812 159
1813 159
1814 159
1815 159
1816 159
1817 159
1818 159
1819 159
1820 159
1821 159
1822 159
1823 159
1824 159
1825 159
1826 159
4004 159
4005 159
4006 159
4007 159
4260 159
4261 159
4262 159
4263 159
4545 159
4546 159
4547 159
4822 159
4823 159
4824 159
1827 160
1828 160
1829 160
1830 160
1831 160
1832 160
1833 160
4264 160
1834 161
1835 162
1836 162
4265 162
1837 163
1838 163
1839 163
1840 163
1841 163
1842 163
1843 163
1844 163
1845 163
1846 163
1847 163
1848 163
1849 163
1850 163
1851 163
1852 163
1853 163
1854 163
1855 163
1856 163
1857 163
1858 163
1859 163
1860 163
1861 163
4008 163
4266 163
4267 163
4268 163
4269 163
4548 163
4549 163
4825 163
1862 164
1863 164
4009 164
4270 164
4271 164
1864 165
4272 165
1865 166
1866 166
1867 166
1868 166
1869 166
1870 166
1871 166
1872 166
1873 166
1874 166
1875 166
1876 166
1877 166
1878 166
1879 166
1880 166
1881 166
1882 166
1883 166
1884 166
1885 166
1886 166
1887 166
1888 166
1889 166
1890 166
1891 166
1892 166
1893 166
4010 166
4011 166
4012 166
4273 166
4274 166
4275 166
4550 166
4551 166
4826 166
4827 166
4828 166
1894 167
1895 167
1896 167
1897 167
1898 167
4276 167
4829 167
4830 167
4831 167
1899 168
1900 169
1901 169
1902 169
1903 169
1904 169
1905 169
1906 169
4552 169
1907 170
1908 170
1909 170
1910 170
1911 170
1912 170
1913 170
1914 170
1915 170
4277 170
4278 170
4832 170
1916 171
1917 172
1918 173
4833 173
1919 174
1920 174
1921 174
4834 174
1922 175
1923 175
1924 175
1925 175
1926 175
1927 175
1928 175
1929 176
1930 177
1931 178
1932 178
1933 178
4553 178
4835 178
1758 179
1759 179
1934 179
1935 179
1936 179
4259 179
4544 179
1937 180
1938 180
1939 180
1940 180
1941 180
1942 180
1943 180
1944 180
1945 180
1946 180
1947 180
1948 180
1949 180
1950 180
1951 180
1952 180
1953 180
1954 180
1955 180
1956 180
1957 180
1958 180
1959 180
1960 180
1961 180
1962 180
1963 180
1964 180
1965 180
1966 180
1967 180
1968 180
1969 180
1970 180
1971 180
1972 180
1973 180
1974 180
1975 180
1976 180
1977 180
1978 180
1979 180
1980 180
1981 180
1982 180
1983 180
1984 180
1985 180
1986 180
1987 180
1988 180
1989 180
1990 180
1991 180
1992 180
1993 180
1994 180
1995 180
1996 180
1997 180
1998 180
4013 180
4014 180
4015 180
4016 180
4279 180
4554 180
4555 180
4836 180
4837 180
4838 180
4839 180
4840 180
1999 181
2000 181
2001 181
2002 181
4017 181
4018 181
4280 181
1758 182
1759 182
1934 182
4259 182
2003 183
2004 183
2005 183
2006 183
87 184
128 184
2007 184
2008 184
2009 184
2010 184
2011 185
2012 186
2013 186
2014 186
2015 186
2016 186
2017 186
2018 186
4841 186
2019 187
2020 187
2021 187
2022 187
2023 187
2024 187
2025 187
2026 187
2027 187
2028 187
2029 187
2030 187
2031 187
2032 187
2033 187
2034 187
2035 187
2036 187
2037 187
2038 187
2039 187
2040 187
4019 187
4020 187
4281 187
4282 187
4557 187
2041 188
2042 188
2043 188
2044 188
2045 188
2046 189
2047 189
2048 189
2049 189
2050 190
4283 190
2051 191
2052 191
2053 191
2054 191
2055 191
4284 191
2056 192
2057 192
2058 192
2059 192
2060 192
2061 192
2062 192
2063 192
2064 192
2065 192
2066 192
2067 192
2068 192
2069 192
2070 192
2071 192
2072 192
2073 192
2074 192
2075 192
2076 192
2077 192
2078 192
2079 192
4285 192
4558 192
4843 192
4844 192
2080 193
2081 193
4559 193
4560 193
4561 193
2082 194
2083 194
2084 194
2085 194
2086 194
2087 194
2088 194
2089 194
2090 194
2091 194
2092 194
2093 194
2094 194
2095 194
2096 194
2097 194
2098 194
2099 194
2100 194
2101 194
2102 194
2103 194
4021 194
2104 195
2105 195
2106 195
4286 195
2107 196
2108 196
4022 196
4287 196
2109 197
2110 197
2111 198
2112 199
2113 199
2114 199
2115 199
2116 199
2117 199
2118 199
2119 199
2120 199
2121 199
2122 199
2123 199
2124 199
2125 199
2126 199
2127 199
2128 199
2129 199
2130 199
2131 199
2132 199
2133 199
2134 199
2135 199
2136 199
2137 199
2138 199
2139 199
2140 199
2141 199
2142 199
2143 199
2144 199
2145 199
2146 199
2147 199
2148 199
2149 199
2150 199
2151 199
2152 199
2153 199
2154 199
2155 199
2156 199
2157 199
2158 199
2159 199
2160 199
2161 199
2162 199
2163 199
2164 199
2165 199
4023 199
4024 199
4025 199
4026 199
4288 199
4289 199
4290 199
4291 199
4292 199
4562 199
4563 199
4845 199
2166 200
2167 200
2168 200
2169 200
2170 200
2171 200
2172 200
2173 200
2174 200
2175 200
4027 200
4293 200
4564 200
2176 201
2177 201
2178 201
2179 201
2180 201
4028 201
4294 201
4565 201
2181 202
2182 202
2183 202
2184 203
2185 203
2186 204
2187 204
2188 204
4029 204
2189 205
2190 205
2191 205
2192 205
2193 205
4566 205
2194 206
2195 206
2196 206
2197 206
2198 206
2199 206
2200 206
2201 206
2202 206
2203 206
4295 206
4846 206
4847 206
2204 207
2205 207
2206 207
2207 207
2208 207
2209 207
2210 207
4030 207
4031 207
4296 207
4297 207
4567 207
2211 208
2212 209
2213 209
2214 209
2215 209
2216 209
2217 209
2218 209
2219 209
1751 210
1752 210
1753 210
1754 210
2220 210
4002 210
2221 211
2222 211
2223 211
4032 211
4298 211
2224 212
2225 212
2226 212
2227 212
2228 212
2229 212
2230 212
2231 212
2232 212
2233 212
2234 212
2235 212
2236 212
2237 212
2238 212
2239 212
2240 212
2241 212
2242 212
2243 212
2244 212
2245 212
2246 212
2247 212
2248 212
2249 212
2250 212
2251 212
2252 212
2253 212
2254 212
2255 212
2256 212
2257 212
2258 212
2259 212
2260 212
2261 212
2262 212
4033 212
4034 212
4035 212
4036 212
4299 212
4300 212
4301 212
4302 212
4303 212
4568 212
4848 212
4849 212
4850 212
2263 213
2264 213
2265 213
2266 213
2267 213
2268 213
2269 213
2270 213
2271 214
2272 214
2273 214
2274 214
2275 215
2276 216
2277 216
2278 216
2279 216
2280 216
2281 216
2282 216
2283 216
2284 217
2285 217
2286 217
2287 217
2288 217
2289 217
2290 217
4037 217
4038 217
4569 217
2291 218
2292 218
4039 218
2293 219
2294 220
2295 220
2296 220
2297 220
2298 220
2299 220
2300 220
2301 220
2302 220
2303 220
2304 220
4040 220
4852 220
2305 221
2306 221
2307 221
2308 221
2309 221
2310 221
2311 221
2312 221
2313 221
2314 221
2315 221
4305 221
4853 221
2316 222
2317 222
2318 222
2319 222
2320 222
2321 222
2322 222
2323 222
2324 222
2325 222
2326 222
2327 222
2328 222
2329 222
2330 222
2331 222
2332 222
2333 222
2334 222
2335 222
2336 222
2337 222
2338 222
2339 222
2340 222
2341 222
2342 222
2343 222
2344 222
2345 222
2346 222
2347 222
2348 222
2349 222
2350 222
2351 222
2352 222
2353 222
2354 222
2355 222
2356 222
2357 222
2358 222
2359 222
2360 222
2361 222
2362 222
2363 222
2364 222
2365 222
2366 222
2367 222
2368 222
2369 222
2370 222
2371 222
2372 222
2373 222
2374 222
2375 222
2376 222
2377 222
2378 222
2379 222
4041 222
4042 222
4043 222
4044 222
4306 222
4307 222
4570 222
4571 222
4572 222
4573 222
4574 222
4575 222
4854 222
4855 222
4856 222
4857 222
2380 223
2381 223
2382 223
2383 223
2384 223
2385 223
2386 223
2387 223
2388 223
2389 223
2390 223
2391 223
2392 223
2393 223
2394 223
2395 223
2396 223
2397 223
2398 223
2399 223
2400 223
2401 223
2402 223
2403 223
2404 223
2405 223
2406 223
2407 223
2408 223
2409 223
2410 223
2411 223
2412 223
2413 223
2414 223
2415 223
2416 223
2417 223
2418 223
2419 223
2420 223
2421 223
2422 223
2423 223
2424 223
2425 223
2426 223
2427 223
2428 223
2429 223
2430 223
4045 223
4046 223
4047 223
4048 223
4049 223
4050 223
4051 223
4052 223
4308 223
4309 223
4310 223
4311 223
4576 223
4577 223
4578 223
4858 223
4859 223
2431 224
1213 225
1214 225
1215 225
1216 225
1217 225
2432 225
2433 225
2434 225
4786 225
4860 225
2435 226
2436 226
2437 226
2438 226
2439 226
2440 226
2441 226
2442 226
2443 226
2444 226
2445 226
2446 226
2447 226
2448 226
2449 226
2450 226
2451 226
2452 226
2453 226
2454 226
2455 226
2456 226
2457 226
2458 226
2459 226
2460 226
2461 226
2462 226
2463 226
2464 226
2465 226
2466 226
2467 226
2468 226
2469 226
2470 226
2471 226
2472 226
2473 226
2474 226
2475 226
2476 226
2477 226
2478 226
2479 226
2480 226
4053 226
4313 226
4314 226
4315 226
4316 226
4317 226
4579 226
4580 226
4581 226
4861 226
4862 226
2481 227
2482 228
2483 228
2484 229
2485 229
2486 229
4582 229
2487 230
2488 230
2489 230
2490 230
4583 230
4584 230
4863 230
2491 231
2492 231
4585 231
2493 232
2494 232
2495 232
2496 232
4318 232
4864 232
2497 233
2498 233
2499 233
2500 233
2501 233
2502 233
2503 233
2504 233
2505 233
2506 233
2507 233
2508 233
2509 233
2510 233
2511 233
2512 233
2513 233
2514 233
2515 233
4586 233
4587 233
4865 233
4866 233
519 234
520 234
521 234
2516 234
3924 234
4172 234
2517 235
2518 235
2519 235
2520 235
2521 235
2522 235
2523 235
2524 235
4588 235
4589 235
4867 235
2525 236
2526 236
2527 236
2528 236
2529 236
2530 236
2531 236
2532 236
2533 236
2534 236
2535 236
2536 236
2537 236
2538 236
2539 236
2540 236
2541 236
2542 236
2543 236
2544 236
4054 236
4055 236
4590 236
4591 236
2545 237
2546 238
2547 238
2548 238
2549 238
2550 238
2551 238
2552 238
2553 238
2554 238
2555 238
2556 238
2557 238
2558 238
2559 238
2560 238
2561 238
2562 238
2563 238
2564 238
2565 238
2566 238
2567 238
2570 238
2571 238
4056 238
4057 238
4058 238
4320 238
4592 238
4593 238
4594 238
4868 238
2568 239
2569 239
4059 239
4060 239
2572 240
4869 240
2573 241
2574 241
2575 241
2576 241
2577 241
2578 241
2579 241
2580 241
2581 241
2582 241
2583 241
2584 241
4321 241
4595 241
4870 241
4871 241
4872 241
4873 241
4874 241
2585 242
2586 242
2587 242
2588 243
2589 243
2590 243
2591 243
2592 243
2593 243
2594 243
2595 243
2596 243
2597 243
2598 243
2599 243
2600 243
2601 243
2602 243
2603 243
2604 243
2605 243
2606 243
2607 243
2608 243
2609 243
2610 243
2611 243
2612 243
2613 243
2614 243
2615 243
2616 243
2617 243
2618 243
2619 243
2620 243
2621 243
2622 243
4061 243
4062 243
4063 243
4322 243
4323 243
4596 243
4597 243
4598 243
4875 243
4876 243
4877 243
4878 243
4879 243
4880 243
2623 244
4064 244
2624 245
2625 245
2626 245
2627 245
2628 245
2629 246
2630 247
2631 247
2632 247
2633 247
2634 247
2635 247
2636 247
2637 247
2638 247
2639 247
2640 247
2641 247
2642 247
2643 247
2644 247
2645 247
2646 247
2647 247
2648 247
2649 247
2650 247
2651 247
2652 247
2653 247
4324 247
4599 247
4881 247
2654 248
2655 249
2656 249
2657 249
2658 249
2659 249
2660 249
4325 249
4600 249
2661 250
2662 250
2663 250
2664 250
2665 250
2666 250
2667 250
2668 250
2669 250
2670 250
2671 250
2672 250
2673 250
2674 250
2675 250
2676 250
2677 250
2678 250
2679 250
2680 250
2681 250
2682 250
2683 250
2684 250
2685 250
2686 250
2687 250
2688 250
2689 250
2690 250
2691 250
2692 250
2693 250
2694 250
2695 250
2696 250
2697 250
2698 250
2699 250
2700 250
2701 250
2702 250
2703 250
2704 250
2705 250
2706 250
2707 250
2708 250
2709 250
2710 250
2711 250
2712 250
2713 250
2714 250
2715 250
4065 250
4326 250
4601 250
4602 250
4603 250
4604 250
4605 250
4882 250
4883 250
4884 250
4885 250
4886 250
4887 250
2716 251
2717 251
4067 251
2718 252
2719 252
2720 253
2721 253
2722 253
2723 253
2724 253
2725 253
2726 253
4068 253
2727 254
2728 254
2729 254
2730 254
2731 254
2732 254
2733 254
2734 254
2735 254
2736 254
2737 254
2738 254
2739 254
2740 254
2741 254
2742 254
2743 254
2744 254
2745 254
2746 254
2747 254
2748 254
2749 254
2750 254
2751 254
4069 254
4070 254
4327 254
4328 254
4606 254
4607 254
4608 254
4609 254
2752 255
2104 256
2753 256
2754 256
2755 256
2756 256
2757 256
2758 256
2759 256
2760 256
2761 256
2762 256
2763 256
2764 256
2765 256
2766 256
2767 256
2768 256
2769 256
2770 256
2771 256
2772 256
2773 256
2774 256
2775 256
2776 256
2777 256
2778 256
2779 256
2780 256
2781 256
2782 256
2783 256
2784 256
2785 256
4071 256
4072 256
4329 256
4330 256
4331 256
4610 256
4888 256
2786 257
2787 257
4073 257
2105 258
2753 258
2754 258
2755 258
2756 258
2757 258
2758 258
2759 258
2760 258
2762 258
2763 258
2764 258
2765 258
2767 258
2771 258
2773 258
2774 258
2775 258
2776 258
2777 258
2780 258
2782 258
2783 258
2784 258
2785 258
2788 258
2789 258
2790 258
2791 258
2792 258
2793 258
2794 258
2795 258
2796 258
2797 258
2798 258
4071 258
4072 258
4329 258
4330 258
4332 258
4610 258
4611 258
4612 258
4888 258
4889 258
4890 258
4891 258
2799 259
2800 259
2801 259
2802 260
2803 261
2804 262
2805 262
2806 262
2807 262
2808 262
2809 262
2810 262
4333 262
4613 262
4892 262
4893 262
4894 262
2811 263
2812 263
2813 263
2814 263
2815 263
2816 263
2817 263
2818 263
2819 263
2820 263
2821 263
2822 263
2823 263
2824 263
2825 263
2826 263
4074 263
2827 264
2828 264
2829 264
2830 264
2831 264
2832 264
2833 264
2834 264
2835 264
2836 264
2837 264
2838 264
2839 264
2840 264
2841 264
2842 264
2843 264
2844 264
2845 264
2846 264
2847 264
2848 264
2849 264
2850 264
2851 264
2852 264
2853 264
2854 264
2855 264
2856 264
2857 264
2858 264
2859 264
2860 264
2861 264
2862 264
2863 264
2864 264
2865 264
2866 264
2867 264
2868 264
2869 264
2870 264
2871 264
2872 264
2873 264
2874 264
2875 264
2876 264
2877 264
2878 264
2879 264
2880 264
2881 264
4075 264
4334 264
4335 264
4336 264
4337 264
4338 264
4339 264
4614 264
4615 264
4616 264
4895 264
4896 264
4897 264
4898 264
2882 265
2883 265
2884 265
2885 265
2886 265
2887 265
2888 265
2889 265
2890 265
2891 265
2892 265
2893 265
2894 265
4076 265
4077 265
4617 265
4618 265
4899 265
2895 266
2896 266
2897 266
2898 266
2899 266
2900 266
2901 266
2902 266
2903 266
2904 266
2905 266
2906 266
2907 266
2908 266
2909 266
2910 266
2911 266
2912 266
2913 266
2914 266
2915 266
2916 266
2917 266
2918 266
2919 266
4078 266
4079 266
4340 266
4341 266
4619 266
2920 267
2921 267
2922 267
2923 267
2924 267
2925 267
2926 267
2927 267
4342 267
4900 267
2928 268
2929 269
2930 269
2931 269
2932 269
2933 269
2934 269
2935 269
2936 269
2937 269
2938 269
2939 269
2940 269
2941 269
2942 269
2943 269
2944 269
2945 269
2946 269
2947 269
2948 269
2949 269
2950 269
2951 269
2952 269
2953 269
2954 269
2955 269
2956 269
2957 269
2958 269
2959 269
2960 269
4080 269
4081 269
4343 269
4344 269
4620 269
2961 270
2962 270
4082 270
4083 270
2963 271
4621 271
2964 272
2965 273
2966 273
2967 273
2968 273
2969 273
2970 273
2971 273
2972 273
2973 273
2974 273
2975 273
4345 273
4622 273
4623 273
4624 273
2976 274
2977 274
2978 274
2979 274
2980 274
2981 274
2982 274
2983 274
2984 274
2985 274
2986 274
2987 274
2988 274
2989 274
2990 274
2991 274
2992 274
2993 274
2994 274
2995 274
2996 274
2997 274
2998 274
2999 274
3000 274
3001 274
3002 274
3003 274
3004 274
3005 274
3006 274
3007 274
3008 274
3009 274
3010 274
3011 274
3012 274
3013 274
3014 274
3015 274
3016 274
3017 274
3018 274
3019 274
3020 274
4084 274
4346 274
4347 274
4625 274
4626 274
4627 274
4628 274
3021 275
3022 275
3023 275
3024 275
3025 275
3026 275
3027 275
3028 275
3029 275
3030 275
3031 275
3032 275
3033 275
3034 275
3035 275
3036 275
3037 275
3038 275
3039 275
3040 275
3041 275
3042 275
3043 275
3044 275
3045 275
3046 275
3047 275
3048 275
3049 275
3050 275
3051 275
3052 275
3053 275
3054 275
3055 275
3056 275
3057 275
3058 275
3059 275
3060 275
3061 275
3062 275
3063 275
3064 275
3065 275
3066 275
3067 275
3068 275
3069 275
3070 275
3071 275
3072 275
3073 275
3074 275
3075 275
3076 275
3077 275
4085 275
4086 275
4087 275
4088 275
4089 275
4348 275
4349 275
4350 275
4351 275
4352 275
4353 275
4629 275
3078 276
3079 276
3080 276
3081 276
3082 276
3083 276
3084 276
3085 276
3086 276
3087 276
3088 276
3089 276
3090 276
3091 276
3092 276
3093 276
3094 276
3095 276
4090 276
3096 277
3097 277
3098 277
3099 277
3100 277
3101 277
3102 277
3103 277
3104 277
3105 277
3106 277
3107 277
3108 277
3109 277
3110 277
3111 277
3112 277
3113 277
3114 277
3115 277
3116 277
3117 277
3118 277
3119 277
3120 277
3121 277
3122 277
3123 277
3124 277
3125 277
3126 277
3127 277
3128 277
3129 277
3130 277
3131 277
3132 277
3133 277
3134 277
3135 277
3136 277
3137 277
3138 277
3139 277
3140 277
3141 277
3142 277
3143 277
3144 277
3145 277
3146 277
3147 277
3148 277
3149 277
3150 277
3151 277
3152 277
3153 277
3154 277
3155 277
3156 277
3157 277
3158 277
3159 277
3160 277
3161 277
3162 277
3163 277
3164 277
3165 277
3166 277
3167 277
3168 277
3169 277
3170 277
3171 277
3172 277
3173 277
3174 277
3175 277
3176 277
3177 277
3178 277
3179 277
3180 277
3181 277
3182 277
3183 277
3184 277
4091 277
4092 277
4093 277
4094 277
4095 277
4096 277
4354 277
4355 277
4356 277
4357 277
4358 277
4359 277
4360 277
4361 277
4362 277
4363 277
4630 277
4631 277
4632 277
4633 277
4634 277
3185 278
3186 278
3187 278
3188 278
3189 279
3190 279
3191 279
3192 279
3193 279
3194 279
3195 279
3196 279
3197 279
4635 279
3198 280
3199 280
3200 280
3201 280
3202 281
3203 281
3204 281
3205 281
3206 281
3207 281
3208 281
3209 281
3210 281
3211 281
3212 281
3213 281
3214 281
3215 281
3216 281
3217 281
3218 281
3219 281
3220 281
3221 281
3222 281
3223 281
3224 281
3225 281
3226 281
3227 281
3228 281
3229 281
3230 281
3231 281
3232 281
3233 281
3234 281
3235 281
3236 281
3237 281
3238 281
3239 281
3240 281
4097 281
4098 281
4364 281
4365 281
4366 281
4636 281
4637 281
4638 281
3241 282
3242 282
3243 282
3244 282
3245 282
3246 282
3247 282
3248 283
3249 283
3250 283
3251 283
3252 283
3253 284
3254 285
3255 286
3256 287
3257 287
3258 287
3259 287
3260 288
3261 288
3262 288
4099 288
4367 288
3263 289
3264 289
128 290
3265 291
3266 291
3267 292
3268 292
3269 292
3270 292
3271 292
3272 292
3273 292
3274 292
3275 292
3276 292
3277 292
3278 292
3279 292
3280 292
3281 292
3282 292
3283 292
3284 292
3285 292
3286 292
3287 292
3288 292
3289 292
3290 292
3291 292
3292 292
3293 292
3294 292
3295 292
3296 292
3297 292
3298 292
3299 292
3300 292
3301 292
3302 292
3303 292
3304 292
3305 292
3306 292
3307 292
3308 292
3309 292
3310 292
3311 292
3312 292
3313 292
3314 292
3315 292
3316 292
3317 292
3318 292
3319 292
3320 292
3321 292
3322 292
3323 292
3324 292
3325 292
3326 292
3327 292
3328 292
3329 292
3330 292
3331 292
3332 292
4102 292
4103 292
4104 292
4368 292
4369 292
4370 292
4371 292
4372 292
4373 292
4374 292
4375 292
4639 292
4640 292
4641 292
4642 292
4643 292
4644 292
3333 293
3334 293
3335 293
3336 293
3337 293
3338 293
3339 293
3340 293
3341 293
3342 293
3343 293
3344 293
3345 293
3346 293
3347 293
3348 293
3349 293
3350 293
3351 293
3352 293
3353 293
3354 293
3355 293
3356 293
3357 293
3358 293
3359 293
3360 293
3361 293
3362 293
3363 293
3364 293
3365 293
3366 293
3367 293
3368 293
3369 293
3370 293
3371 293
3372 293
3373 293
3374 293
3375 293
3376 293
3377 293
3378 293
3379 293
3380 293
3381 293
3382 293
3383 293
3384 293
3385 293
3386 293
3387 293
3388 293
3389 293
3390 293
3391 293
3392 293
3393 293
3394 293
3395 293
3396 293
3397 293
3398 293
3399 293
3400 293
3401 293
3402 293
3403 293
3404 293
3405 293
3406 293
3407 293
3408 293
3409 293
3410 293
3411 293
3412 293
4105 293
4106 293
4107 293
4108 293
4376 293
4377 293
4378 293
4379 293
4380 293
4381 293
4382 293
4383 293
4384 293
4385 293
4645 293
4646 293
4647 293
4648 293
4649 293
4650 293
4651 293
3413 294
3414 294
3415 294
3416 294
3417 294
3418 294
3419 294
4109 294
4652 294
3420 295
3421 295
3422 295
128 296
3423 296
3424 296
3425 296
3426 297
3427 298
3428 298
4110 298
4386 298
4653 298
3429 299
3430 299
3431 299
3432 299
3433 299
3434 299
3435 299
3436 299
3437 299
3438 299
3439 299
3440 299
3441 299
3442 299
3443 299
3444 299
3445 299
3446 299
3447 299
3448 299
3449 299
3450 299
4111 299
4112 299
4654 299
4655 299
3451 300
3452 300
3453 301
4387 301
3454 302
4113 302
3455 303
3456 304
4656 304
3457 305
3458 305
3459 305
3460 305
3461 305
3462 305
4114 305
4115 305
4388 305
3463 306
3457 307
3460 307
4115 307
4657 307
3464 308
3465 309
3466 309
3467 309
3468 309
3469 309
3470 309
3471 309
3472 309
3473 309
3474 309
3475 309
3476 309
3477 309
3478 309
3479 309
3480 309
3481 309
3482 309
3483 309
3484 309
3485 309
4116 309
4389 309
4658 309
4659 309
3486 310
3487 310
3488 310
3489 310
3490 310
3491 310
3492 310
3493 310
3494 310
4390 310
4391 310
4660 310
4661 310
3288 311
3289 311
3291 311
3292 311
3293 311
3295 311
3301 311
3302 311
3303 311
3309 311
3310 311
3311 311
3312 311
3314 311
3316 311
3318 311
3495 311
3496 311
3497 311
3498 311
3499 311
3500 311
3501 311
3502 311
3503 311
3504 311
3505 311
3506 311
3507 311
3508 311
3509 311
4373 311
4375 311
4392 311
4641 311
4643 311
4662 311
3510 312
3511 312
3512 313
3513 313
3514 313
3515 313
3516 314
3517 314
3518 314
4393 314
4663 314
3519 315
3520 315
3521 316
3522 316
3523 316
3524 316
3525 316
3526 316
3527 316
3528 316
3529 316
3530 316
3531 316
3532 316
3533 316
3534 316
4394 316
4395 316
4664 316
3535 317
3536 317
3537 317
3538 317
3539 317
3540 317
4396 317
4397 317
3541 318
3542 318
3543 318
3544 318
3545 318
3546 318
3547 318
3548 318
3549 318
3550 318
3551 318
3552 318
3553 318
3554 318
3555 318
3556 318
3557 318
3558 318
3559 318
3560 318
3561 318
4117 318
4118 318
4398 318
4399 318
4400 318
4401 318
4402 318
4665 318
4666 318
4667 318
4668 318
3562 319
3563 319
3564 319
3565 319
3566 319
3567 319
3568 319
3569 319
3570 319
3571 319
3572 319
3573 319
3574 319
3575 319
3576 319
3577 319
3578 319
3579 319
3580 319
3581 319
3582 319
3583 319
3584 319
3585 319
3586 319
3587 319
3588 319
3589 319
3590 319
3591 319
3592 319
3593 319
3594 319
3595 319
3596 319
3597 319
3598 319
3599 319
3600 319
3601 319
3602 319
3603 319
3604 319
3605 319
3606 319
3607 319
3608 319
3609 319
3610 319
3611 319
3612 319
3613 319
3614 319
3615 319
3616 319
3617 319
3618 319
3619 319
3620 319
3621 319
3622 319
3623 319
3624 319
3625 319
3626 319
3627 319
3628 319
3629 319
3630 319
3631 319
3632 319
3633 319
3634 319
3635 319
4119 319
4120 319
4121 319
4122 319
4123 319
4124 319
4403 319
4404 319
4405 319
4406 319
4407 319
4408 319
4409 319
4669 319
4670 319
4671 319
4672 319
4673 319
3636 320
3637 320
3638 321
3639 321
3640 321
3641 321
3642 321
3643 321
3644 321
3645 321
3646 321
3647 321
3648 321
3649 321
3650 321
3651 321
3652 321
3653 321
3654 321
3655 321
3656 321
3657 321
3658 321
3659 321
3660 321
3661 321
3662 321
3663 321
3664 321
3665 321
3666 321
3667 321
3668 321
3669 321
3670 321
3671 321
3672 321
3673 321
3674 321
3675 321
3676 321
3677 321
3678 321
3679 321
3680 321
3681 321
3682 321
3683 321
3684 321
3685 321
3686 321
3687 321
3688 321
3689 321
3690 321
3691 321
3692 321
3693 321
3694 321
3695 321
3696 321
3697 321
3698 321
3699 321
3700 321
3701 321
3702 321
3703 321
3704 321
3705 321
3706 321
3707 321
3708 321
3709 321
3710 321
3711 321
4125 321
4126 321
4127 321
4128 321
4410 321
4411 321
4412 321
4413 321
4674 321
4675 321
4676 321
4677 321
4678 321
4679 321
4680 321
3712 322
3713 322
3714 322
3715 322
3716 322
3717 322
3718 322
3719 322
3720 322
3721 322
3722 322
4414 322
4415 322
3723 323
3724 323
3725 323
3726 323
3727 323
3728 323
3729 323
3730 323
3731 323
3732 323
3733 323
3734 323
3735 323
3736 323
3737 323
3738 323
3739 323
4416 323
4681 323
3740 324
3741 324
3742 324
3743 324
3744 324
4417 324
3745 325
3746 326
3747 326
3748 326
3749 326
3750 326
3751 326
3752 326
3753 326
4129 326
4130 326
4131 326
4418 326
4682 326
4683 326
2110 327
3754 327
3755 328
3756 328
3757 328
3758 328
3759 328
3760 328
87 329
3761 330
2570 331
2571 331
3762 331
3763 331
3765 331
4419 331
3764 332
3766 333
3767 333
3768 333
3769 333
3770 334
3771 335
3772 335
3773 335
3774 335
3775 335
3776 335
4132 335
3777 336
3778 337
3779 337
3780 337
3781 337
3782 337
3783 337
3784 337
3785 337
3786 337
3787 337
3788 337
3789 337
3790 337
3791 337
3792 337
3793 337
3794 337
3795 337
3796 337
3797 337
3798 337
3799 337
3800 337
3801 337
3802 337
3803 337
3804 337
3805 337
3806 337
3807 337
3808 337
3809 337
3810 337
3811 337
3812 337
3813 337
3814 337
3815 337
3816 337
3817 337
3818 337
3819 337
3820 337
3821 337
3822 337
3823 337
3824 337
3825 337
3826 337
3827 337
3828 337
3829 337
3830 337
3831 337
3832 337
3833 337
3834 337
3835 337
3836 337
3837 337
3838 337
3839 337
3840 337
3841 337
3842 337
3843 337
3844 337
3845 337
3846 337
3847 337
3848 337
4133 337
4134 337
4135 337
4136 337
4137 337
4138 337
4139 337
4140 337
4421 337
4422 337
4423 337
4424 337
4425 337
4426 337
4427 337
4428 337
4685 337
4686 337
4687 337
4688 337
4689 337
3849 338
3850 338
3851 338
3852 339
3853 339
3854 339
3855 339
3856 339
3857 339
3858 339
3859 339
3860 339
3861 339
3862 339
3863 339
3864 339
3865 339
3866 339
3867 339
3868 339
3869 339
3870 339
3871 339
3872 339
3873 339
3874 339
3875 339
3876 339
3877 339
3878 339
3879 339
3880 339
3881 339
3882 339
3883 339
3884 339
3885 339
3886 339
3887 339
3888 339
4141 339
4142 339
4143 339
4144 339
4145 339
4429 339
4430 339
4690 339
4691 339
4692 339
4693 339
3892 340
3893 341
3906 342
3934 343
3958 344
4066 345
4100 346
4101 347
4198 348
4304 349
4312 350
4319 351
4420 352
4463 353
4515 354
4522 355
4802 355
4556 356
4684 357
4842 358
4851 359
